Time		GPS_X		GPS_Y		RTK_X		RTK_Y		RTK_Vx		RTK_Vy
0.000000	0.000000	0.000000	0.000000	0.000000	0.000000	0.000000
0.100000	0.185794	1.343742	0.314744	1.172127	3.147444	11.721269
0.200000	0.593249	2.158191	0.591722	2.333666	2.769780	11.615387
0.300000	0.980234	3.579337	1.050856	3.468748	4.591337	11.350829
0.400000	1.396022	4.518025	1.610094	4.543666	5.592374	10.749175
0.500000	2.188117	5.619223	2.241309	5.620914	6.312155	10.772477
0.600000	2.909656	6.734962	2.876778	6.614603	6.354689	9.936890
0.700000	3.545127	7.681801	3.615441	7.518125	7.386630	9.035222
0.800000	4.275909	8.354993	4.418362	8.442462	8.029214	9.243368
0.900000	5.336594	9.160173	5.348202	9.202274	9.298401	7.598129
1.000000	6.345772	9.729213	6.385757	9.694832	10.375542	4.925572
1.100000	7.702051	10.081511	7.496807	10.123481	11.110502	4.286498
1.200000	8.567868	10.597589	8.674670	10.489304	11.778633	3.658228
1.300000	9.912838	10.593118	9.858578	10.652467	11.839079	1.631626
1.400000	11.111198	10.800434	11.060610	10.772071	12.020316	1.196041
1.500000	12.164694	10.606349	12.226009	10.780729	11.653991	0.086576
1.600000	13.443230	10.602527	13.364623	10.597071	11.386139	-1.836578
1.700000	14.589793	10.206031	14.503230	10.289307	11.386074	-3.077634
1.800000	15.554157	9.929603	15.651354	9.960927	11.481235	-3.283800
1.900000	16.675260	9.360482	16.773806	9.463532	11.224527	-4.973952
2.000000	17.682205	8.853429	17.740622	8.780025	9.668153	-6.835071
2.100000	18.711469	7.870267	18.576677	7.970559	8.360557	-8.094660
2.200000	19.502797	7.260368	19.629429	7.374827	10.527517	-5.957326
2.300000	20.371586	6.404363	20.447045	6.494107	8.176162	-8.807191
2.400000	21.105353	5.564205	21.307237	5.691551	8.601915	-8.025561
2.500000	22.092571	4.455448	22.078637	4.745267	7.714009	-9.462842
2.600000	22.668456	3.692163	22.621246	3.618701	5.426086	-11.265657
2.700000	23.090565	2.471753	22.995801	2.483954	3.745548	-11.347478
2.800000	23.102401	1.414623	23.173241	1.288271	1.774399	-11.956827
2.900000	23.187752	-0.099931	23.240529	0.060990	0.672885	-12.272809
3.000000	23.222146	-1.116604	23.262119	-1.150920	0.215898	-12.119099
3.100000	23.038234	-2.350562	23.137103	-2.301653	-1.250165	-11.507336
3.200000	22.805174	-3.604686	22.913630	-3.507026	-2.234727	-12.053729
3.300000	22.625036	-4.607666	22.491127	-4.642526	-4.225026	-11.355000
3.400000	22.080452	-5.776025	22.033246	-5.730566	-4.578810	-10.880400
3.500000	21.587134	-6.921331	21.535469	-6.828569	-4.977772	-10.980022
3.600000	20.937631	-7.710382	20.862425	-7.763322	-6.730436	-9.347533
3.700000	19.967366	-8.835346	20.140793	-8.751555	-7.216320	-9.882332
3.800000	19.320906	-9.370567	19.291234	-9.538853	-8.495590	-7.872975
3.900000	18.252145	-10.333226	18.373279	-10.315731	-9.179554	-7.768787
4.000000	17.316679	-10.936228	17.322046	-10.961358	-10.512328	-6.456272
4.100000	16.272542	-11.422618	16.204110	-11.383051	-11.179361	-4.216928
4.200000	14.994022	-11.748200	15.090028	-11.669793	-11.140826	-2.867422
4.300000	13.784095	-12.046383	13.963150	-12.034991	-11.268775	-3.651978
4.400000	12.943250	-12.519178	12.846218	-12.532051	-11.169320	-4.970594
4.500000	11.559959	-12.586318	11.692600	-12.794034	-11.536178	-2.619833
4.600000	10.315898	-12.820590	10.472028	-12.914420	-12.205724	-1.203862
4.700000	9.424124	-12.644029	9.308003	-12.781034	-11.640250	1.333859
4.800000	7.906897	-12.270900	8.094611	-12.572041	-12.133919	2.089930
4.900000	6.841121	-12.525359	6.907244	-12.362166	-11.873672	2.098755
5.000000	5.755553	-11.866896	5.824167	-11.906138	-10.830773	4.560280
5.100000	4.848897	-11.526729	4.727602	-11.552815	-10.965644	3.533231
5.200000	3.594607	-10.980391	3.652395	-10.956285	-10.752069	5.965296
5.300000	2.659236	-10.077174	2.772235	-10.161185	-8.801607	7.951002
5.400000	1.890315	-9.382189	1.891591	-9.392571	-8.806436	7.686136
5.500000	1.195809	-8.603610	1.072711	-8.498176	-8.188800	8.943957
5.600000	0.237010	-7.520899	0.383698	-7.547169	-6.890133	9.510071
5.700000	-0.281223	-6.707644	-0.252338	-6.574576	-6.360359	9.725930
5.800000	-0.487335	-5.253844	-0.573767	-5.470669	-3.214287	11.039062
5.900000	-1.109224	-4.524555	-1.162472	-4.375304	-5.887050	10.953653
6.000000	-1.402988	-3.126790	-1.412557	-3.205256	-2.500846	11.700482
6.100000	-1.395924	-2.055857	-1.442986	-2.048227	-0.304293	11.570285
6.200000	-1.311538	-0.708303	-1.327350	-0.832761	1.156362	12.154667
6.300000	-1.068151	0.330207	-1.187926	0.360570	1.394237	11.933305
6.400000	-0.961726	1.294705	-0.974629	1.511190	2.132971	11.506203
6.500000	-0.904817	2.698548	-0.794576	2.698684	1.800534	11.874942
6.600000	-0.326328	3.859740	-0.300224	3.804044	4.943511	11.053595
6.700000	0.170724	4.704707	0.413818	4.722689	7.140427	9.186449
6.800000	0.908615	5.908546	1.036385	5.697096	6.225663	9.744070
6.900000	1.750397	6.656332	1.710209	6.739804	6.738249	10.427077
7.000000	2.766812	7.350258	2.703962	7.460160	9.937527	7.203562
7.100000	3.639676	8.203463	3.580087	8.285349	8.761251	8.251896
7.200000	4.833597	8.760191	4.688230	8.813533	11.081424	5.281838
7.300000	5.751809	9.561451	5.660885	9.434782	9.726550	6.212487
7.400000	6.959086	9.648397	6.859494	9.636852	11.986092	2.020696
7.500000	8.178691	9.872307	8.052111	9.939747	11.926174	3.028953
7.600000	9.067228	10.158578	9.201110	10.166700	11.489986	2.269527
7.700000	10.315294	10.224003	10.369272	10.161411	11.681621	-0.052886
7.800000	11.558548	10.012413	11.608398	10.092554	12.391260	-0.688565
7.900000	12.717786	9.838020	12.772566	9.972285	11.641677	-1.202692
8.000000	14.137119	9.683082	13.948616	9.769897	11.760509	-2.023880
8.100000	14.993389	9.380675	15.025566	9.325451	10.769493	-4.444461
8.200000	16.284792	8.900787	16.198856	8.983823	11.732905	-3.416286
8.300000	17.099329	8.391518	17.257353	8.403237	10.584965	-5.805859
8.400000	18.130501	7.704957	18.150365	7.590803	8.930121	-8.124335
8.500000	19.095090	6.759774	19.094248	6.776561	9.438830	-8.142422
8.600000	19.990467	6.086433	20.010508	6.008154	9.162601	-7.684074
8.700000	20.631379	4.871496	20.590796	4.974499	5.802878	-10.336548
8.800000	21.186988	3.918714	21.129607	3.915371	5.388111	-10.591283
8.900000	21.679001	2.843137	21.669516	2.855935	5.399088	-10.594355
9.000000	22.039949	1.682961	22.017507	1.712986	3.479914	-11.429494
9.100000	22.373855	0.651941	22.425035	0.625599	4.075281	-10.873871
9.200000	22.386644	-0.485132	22.567389	-0.573062	1.423543	-11.986602
9.300000	22.500121	-1.625514	22.512568	-1.798330	-0.548214	-12.252680
9.400000	22.553929	-3.138839	22.713934	-2.999867	2.013658	-12.015377
9.500000	22.098310	-4.229500	22.358905	-4.173381	-3.550286	-11.735136
9.600000	22.289728	-5.330916	22.164258	-5.364332	-1.946470	-11.909515
9.700000	21.790347	-6.289248	21.798855	-6.471430	-3.654030	-11.070971
9.800000	21.332564	-7.519195	21.344237	-7.572172	-4.546185	-11.007422
9.900000	20.514213	-8.241652	20.648464	-8.503756	-6.957725	-9.315840
10.000000	19.716320	-9.575036	19.864421	-9.460977	-7.840429	-9.572207
10.100000	19.076376	-10.251685	19.002191	-10.257327	-8.622302	-7.963505
10.200000	18.051129	-10.994737	18.041880	-10.987474	-9.603113	-7.301473
10.300000	17.031874	-11.718044	17.058935	-11.592385	-9.829450	-6.049104
10.400000	15.914572	-12.270553	16.044967	-12.135908	-10.139674	-5.435233
10.500000	14.739294	-12.476069	14.883302	-12.401596	-11.616653	-2.656885
10.600000	13.769291	-12.748443	13.774214	-12.745834	-11.090884	-3.442374
10.700000	12.583315	-12.726356	12.639011	-13.010770	-11.352029	-2.649357
10.800000	11.401337	-13.314993	11.395895	-13.107622	-12.431155	-0.968529
10.900000	9.968387	-13.118908	10.146773	-13.106024	-12.491225	0.015980
11.000000	8.980922	-12.808213	8.937773	-13.008788	-12.089999	0.972366
11.100000	7.553174	-12.369432	7.771186	-12.640796	-11.665866	3.679922
11.200000	6.601263	-12.311169	6.582269	-12.386715	-11.889166	2.540811
11.300000	5.477424	-11.989031	5.480954	-11.995272	-11.013157	3.914422
11.400000	4.600441	-11.235473	4.510369	-11.370500	-9.705845	6.247726
11.500000	3.529897	-10.711663	3.496384	-10.647705	-10.139856	7.227946
11.600000	2.455106	-10.096999	2.457439	-10.032010	-10.389449	6.156951
11.700000	1.744133	-9.219291	1.545818	-9.176780	-9.116212	8.552298
11.800000	0.750476	-8.354502	0.763465	-8.316875	-7.823528	8.599054
11.900000	0.252792	-7.027772	0.287682	-7.198649	-4.757831	11.182259
12.000000	-0.211069	-6.202847	-0.202090	-6.053143	-4.897717	11.455054
12.100000	-0.789097	-4.853608	-0.703930	-4.930593	-5.018399	11.225503
12.200000	-0.913830	-3.647794	-0.966724	-3.728572	-2.627941	12.020215
12.300000	-1.044470	-2.581759	-1.037983	-2.523220	-0.712594	12.053513
12.400000	-1.244283	-1.372389	-1.266458	-1.304531	-2.284751	12.186898
12.500000	-1.284810	-0.127112	-1.439636	-0.138759	-1.731771	11.657716
12.600000	-1.208409	1.096746	-1.249417	1.049792	1.902184	11.885505
12.700000	-1.089963	2.177347	-1.018783	2.204624	2.306337	11.548329
12.800000	-0.745059	3.444921	-0.662641	3.377677	3.561422	11.730529
12.900000	-0.048354	4.386425	-0.178124	4.490774	4.845173	11.130967
13.000000	0.559186	5.503446	0.581649	5.417229	7.597723	9.264547
13.100000	1.347914	6.443969	1.229008	6.479563	6.473596	10.623340
13.200000	1.917891	7.235902	1.971417	7.430266	7.424088	9.507031
13.300000	2.725175	8.309975	2.753242	8.313932	7.818252	8.836661
13.400000	3.496873	9.059031	3.600056	9.107517	8.468141	7.935853
13.500000	4.797417	9.439435	4.722674	9.617678	11.226180	5.101608
13.600000	5.867798	10.145682	5.776766	10.137669	10.540919	5.199912
13.700000	6.854135	10.442302	6.839759	10.636351	10.629928	4.986823
13.800000	7.983877	10.811593	8.017601	10.869615	11.778419	2.332640
13.900000	9.234354	10.948607	9.176613	11.046947	11.590124	1.773319
14.000000	10.493145	11.210168	10.357513	11.212706	11.809001	1.657584
14.100000	11.592651	11.296553	11.549394	11.350947	11.918808	1.382409
14.200000	12.642178	11.377082	12.737537	11.220341	11.881429	-1.306061
14.300000	13.857340	10.836229	13.889711	10.766504	11.521744	-4.538369
14.400000	15.030338	10.181295	14.885764	10.106719	9.960525	-6.597842
14.500000	15.926888	9.621875	15.810925	9.387184	9.251607	-7.195352
14.600000	17.035619	8.621341	16.857657	8.774892	10.467329	-6.122923
14.700000	17.780674	8.134509	17.766907	7.937533	9.092493	-8.373589
14.800000	18.667174	7.164613	18.677592	7.158153	9.106847	-7.793798
14.900000	19.670188	6.402825	19.497121	6.236673	8.195294	-9.214798
15.000000	20.507704	5.278747	20.349366	5.404007	8.522450	-8.326664
15.100000	20.949132	4.201981	20.889791	4.338282	5.404256	-10.657249
15.200000	21.672396	3.264985	21.477586	3.258724	5.877944	-10.795585
15.300000	22.011289	2.232481	21.959356	2.114966	4.817704	-11.437579
15.400000	22.102753	1.046472	22.200569	0.911502	2.412122	-12.034638
15.500000	22.296723	-0.477911	22.333044	-0.300145	1.324756	-12.116473
15.600000	22.411349	-1.685526	22.296325	-1.486579	-0.367189	-11.864340
15.700000	22.373847	-2.585388	22.233285	-2.679705	-0.630407	-11.931257
15.800000	22.233583	-3.809475	22.105829	-3.853769	-1.274559	-11.740644
15.900000	21.724519	-4.846372	21.700264	-5.011740	-4.055643	-11.579701
16.000000	21.295044	-6.109639	21.252592	-6.179312	-4.476723	-11.675727
16.100000	20.511629	-7.223492	20.750482	-7.266859	-5.021101	-10.875470
16.200000	20.155405	-8.307441	20.152980	-8.280318	-5.975020	-10.134592
16.300000	19.336060	-9.189119	19.341476	-9.191692	-8.115045	-9.113738
16.400000	18.403286	-9.847018	18.457418	-9.974543	-8.840571	-7.828510
16.500000	17.685360	-10.900416	17.603667	-10.825522	-8.537515	-8.509785
16.600000	16.617759	-11.632803	16.615397	-11.578593	-9.882700	-7.530715
16.700000	15.502684	-12.083670	15.538391	-12.102988	-10.770060	-5.243946
16.800000	14.365410	-12.697237	14.435498	-12.609417	-11.028926	-5.064287
16.900000	13.374440	-12.667750	13.262196	-12.920286	-11.733028	-3.108689
17.000000	12.054724	-12.871786	12.012639	-12.916433	-12.495568	0.038525
17.100000	10.857940	-13.246178	10.882628	-13.188052	-11.300111	-2.716185
17.200000	9.708936	-12.898208	9.706945	-13.049485	-11.756831	1.385661
17.300000	8.313409	-12.833687	8.508207	-12.910019	-11.987379	1.394666
17.400000	7.168580	-12.751062	7.342888	-12.704759	-11.653184	2.052603
17.500000	6.150081	-12.307480	6.222918	-12.289757	-11.199708	4.150011
17.600000	5.139918	-11.780568	5.156790	-11.803139	-10.661273	4.866187
17.700000	4.083917	-11.448805	4.023145	-11.283031	-11.336449	5.201075
17.800000	2.970313	-10.478277	2.968975	-10.656939	-10.541704	6.260918
17.900000	2.015734	-10.022806	2.044064	-9.847187	-9.249111	8.097521
18.000000	1.445999	-8.615416	1.400961	-8.787267	-6.431028	10.599206
18.100000	0.828972	-7.757657	0.662467	-7.776789	-7.384940	10.104778
18.200000	0.068893	-6.990902	0.068476	-6.776104	-5.939908	10.006854
18.300000	-0.159870	-5.498229	-0.298963	-5.598148	-3.674389	11.779551
18.400000	-0.800126	-4.512617	-0.656944	-4.427389	-3.579809	11.707598
18.500000	-0.980974	-3.399752	-1.036112	-3.332762	-3.791685	10.946261
18.600000	-1.163041	-2.217865	-1.081813	-2.157969	-0.457013	11.747933
18.700000	-1.152529	-0.811655	-1.077534	-0.925830	0.042796	12.321394
18.800000	-1.131361	0.222525	-1.107916	0.282815	-0.303821	12.086448
18.900000	-1.282850	1.521114	-1.114547	1.529283	-0.066312	12.464681
19.000000	-0.865398	2.625545	-0.832301	2.690149	2.822463	11.608658
19.100000	-0.453737	3.737168	-0.472548	3.845723	3.597531	11.555737
19.200000	0.099283	4.822702	0.249619	4.865427	7.221667	10.197047
19.300000	0.957703	5.902564	0.966724	5.847103	7.171047	9.816758
19.400000	1.807558	6.693410	1.751033	6.788406	7.843089	9.413028
19.500000	2.492770	7.625084	2.625135	7.675096	8.741023	8.866896
19.600000	3.516674	8.284805	3.601051	8.346541	9.759164	6.714459
19.700000	4.381502	9.103638	4.548163	9.040938	9.471119	6.943963
19.800000	5.434601	9.644533	5.544213	9.702352	9.960493	6.614148
19.900000	6.584404	10.121239	6.586629	10.190450	10.424159	4.880977
20.000000	7.395495	10.628115	7.705361	10.582456	11.187326	3.920057
20.100000	8.925632	11.055539	8.843490	10.861103	11.381285	2.786470
20.200000	9.933078	10.926901	10.056646	10.845093	12.131568	-0.160096
20.300000	11.409593	10.881070	11.209928	10.876728	11.532819	0.316343
20.400000	12.488501	10.812946	12.368992	10.848929	11.590641	-0.277981
20.500000	13.527907	10.731978	13.586873	10.690970	12.178803	-1.579600
20.600000	14.815213	10.561540	14.774851	10.446114	11.879784	-2.448556
20.700000	15.794408	9.740508	15.845030	9.883047	10.701789	-5.630674
20.800000	16.668161	9.111725	16.802257	9.082797	9.572271	-8.002500
20.900000	17.711926	8.462686	17.804523	8.515019	10.022655	-5.677779
21.000000	18.694649	7.872999	18.716013	7.727940	9.114901	-7.870782
21.100000	19.650252	6.898178	19.610962	6.911734	8.949496	-8.162060
21.200000	20.438343	6.061901	20.552519	6.133451	9.415566	-7.782836
21.300000	21.192951	5.303843	21.247099	5.160116	6.945802	-9.733352
21.400000	21.802800	4.259705	21.857396	4.090550	6.102968	-10.695660
21.500000	22.295133	3.147583	22.444047	3.096790	5.866512	-9.937593
21.600000	22.742718	1.848015	22.734931	1.953628	2.908838	-11.431618
21.700000	23.209203	0.893904	23.105062	0.800849	3.701305	-11.527796
21.800000	23.162516	-0.230883	23.265911	-0.395644	1.608499	-11.964925
21.900000	23.225279	-1.576929	23.312783	-1.565662	0.468714	-11.700183
22.000000	23.130175	-2.780425	23.049070	-2.730174	-2.637125	-11.645120
22.100000	22.796560	-3.769643	22.701812	-3.913544	-3.472587	-11.833698
22.200000	22.369763	-4.952022	22.365107	-5.095724	-3.367051	-11.821803
22.300000	21.759027	-6.066508	21.838273	-6.204423	-5.268333	-11.086993
22.400000	21.168472	-7.191233	21.205797	-7.250700	-6.324762	-10.462764
22.500000	20.506774	-8.218635	20.532871	-8.259566	-6.729255	-10.088656
22.600000	19.742460	-9.196637	19.752159	-9.118737	-7.807124	-8.591712
22.700000	19.046208	-10.017629	18.891889	-9.940037	-8.602700	-8.213005
22.800000	18.164115	-10.574810	17.965051	-10.658572	-9.268378	-7.185345
22.900000	17.155363	-11.211948	16.966807	-11.275142	-9.982439	-6.165704
23.000000	15.928147	-11.723409	15.868985	-11.758078	-10.978225	-4.829364
23.100000	14.697784	-12.279806	14.806879	-12.264904	-10.621054	-5.068253
23.200000	13.553328	-12.474120	13.583204	-12.456177	-12.236750	-1.912734
23.300000	12.488486	-12.649069	12.358741	-12.451516	-12.244633	0.046612
23.400000	11.142466	-12.541750	11.124255	-12.533392	-12.344866	-0.818760
23.500000	9.875424	-12.579100	9.959894	-12.550755	-11.643607	-0.173628
23.600000	8.674356	-12.409657	8.734763	-12.395655	-12.251311	1.550997
23.700000	7.712060	-12.161874	7.556888	-12.140760	-11.778748	2.548955
23.800000	6.433282	-11.922025	6.422761	-11.765278	-11.341269	3.754815
23.900000	5.283243	-11.276042	5.367752	-11.211857	-10.550088	5.534209
24.000000	4.188846	-10.643780	4.338424	-10.525509	-10.293280	6.863483
24.100000	3.223181	-9.816825	3.267578	-9.953151	-10.708458	5.723578
24.200000	2.507904	-9.101451	2.404285	-9.096124	-8.632934	8.570271
24.300000	1.606240	-8.297327	1.542257	-8.264403	-8.620283	8.317208
24.400000	1.027621	-7.184084	0.926563	-7.240987	-6.156937	10.234158
24.500000	0.275007	-6.291908	0.251285	-6.198252	-6.752781	10.427357
24.600000	-0.265440	-5.257642	-0.313561	-5.100155	-5.648458	10.980969
24.700000	-0.678230	-4.081912	-0.761903	-4.017370	-4.483423	10.827851
24.800000	-0.907786	-2.625882	-0.957938	-2.787579	-1.960349	12.297913
24.900000	-1.065098	-1.627601	-1.187341	-1.635679	-2.294034	11.518991
25.000000	-1.265027	-0.593243	-1.241179	-0.430150	-0.538379	12.055296
25.100000	-1.229790	0.662501	-1.244365	0.741654	-0.031862	11.718041
25.200000	-0.985686	2.047132	-1.094568	1.897134	1.497972	11.554801
25.300000	-0.739255	3.039432	-0.680920	3.043068	4.136480	11.459338
25.400000	0.137380	3.835008	0.081955	3.918968	7.628748	8.759001
25.500000	0.744896	5.017825	0.593831	5.036412	5.118767	11.174436
25.600000	1.111684	6.025249	1.143651	6.129156	5.498194	10.927437
25.700000	1.940802	7.030167	1.940170	7.024221	7.965192	8.950655
25.800000	2.579622	7.854786	2.621441	7.993793	6.812707	9.695724
25.900000	3.372962	8.765410	3.569261	8.747704	9.478202	7.539103
26.000000	4.680321	9.355680	4.661896	9.272009	10.926354	5.243047
26.100000	5.664398	9.886381	5.665634	9.891689	10.037378	6.196808
26.200000	6.616030	10.599232	6.676680	10.559162	10.110455	6.674726
26.300000	7.831778	10.867132	7.832797	10.788484	11.561174	2.293221
26.400000	8.995632	11.291418	9.010501	11.125449	11.777037	3.369648
26.500000	10.286100	11.287975	10.213259	11.277539	12.027580	1.520905
26.600000	11.473467	11.234813	11.443069	11.334464	12.298100	0.569248
26.700000	12.571314	11.541627	12.646679	11.317731	12.036099	-0.167329
26.800000	13.564279	11.060950	13.766721	10.943851	11.200426	-3.738800
26.900000	14.825929	10.306371	14.819111	10.370575	10.523892	-5.732757
27.000000	15.876206	9.953610	15.999594	10.090149	11.804839	-2.804263
27.100000	17.180439	9.712605	17.123043	9.636364	11.234481	-4.537848
27.200000	18.232451	8.938230	18.219054	9.046791	10.960113	-5.895736
27.300000	19.042572	8.183905	19.043591	8.155164	8.245369	-8.916271
27.400000	19.831930	7.200211	19.806763	7.293612	7.631727	-8.615518
27.500000	20.563813	6.226108	20.451140	6.246737	6.443769	-10.468745
27.600000	21.049399	5.246152	21.110984	5.247378	6.598432	-9.993598
27.700000	21.608085	3.924186	21.569735	4.095255	4.587519	-11.521226
27.800000	22.020046	3.185827	22.099659	3.066668	5.299235	-10.285868
27.900000	22.657098	2.051394	22.563388	1.951455	4.637293	-11.152129
28.000000	23.167654	0.798614	23.038781	0.799558	4.753931	-11.518978
28.100000	22.956306	-0.350770	23.142565	-0.379268	1.037833	-11.788259
28.200000	22.941970	-1.745390	22.916041	-1.605108	-2.265236	-12.258392
28.300000	22.731148	-2.637506	22.842055	-2.776867	-0.739860	-11.717598
28.400000	22.437737	-3.948293	22.470639	-3.943332	-3.714160	-11.664645
28.500000	22.258811	-5.110872	22.215848	-5.129190	-2.547911	-11.858585
28.600000	21.909610	-6.302151	21.836529	-6.265580	-3.793191	-11.363899
28.700000	21.476201	-7.451100	21.340860	-7.319935	-4.956695	-10.543546
28.800000	20.712240	-8.338918	20.762832	-8.314371	-5.780273	-9.944365
28.900000	19.959000	-9.299370	19.952473	-9.208116	-8.103590	-8.937449
29.000000	18.938673	-10.008734	19.126579	-10.038008	-8.258938	-8.298918
29.100000	18.259067	-10.683723	18.148975	-10.774823	-9.776044	-7.368152
29.200000	17.117827	-11.432926	17.124378	-11.445733	-10.245970	-6.709099
29.300000	16.171566	-11.989151	16.185197	-12.186206	-9.391812	-7.404727
29.400000	15.161306	-12.776991	15.090419	-12.716825	-10.947781	-5.306191
29.500000	14.099176	-13.006183	13.986979	-13.070939	-11.034394	-3.541144
29.600000	12.782533	-12.762676	12.780432	-12.969811	-12.065476	1.011284
29.700000	11.746267	-13.437263	11.604484	-13.268086	-11.759474	-2.982754
29.800000	10.576953	-13.371756	10.388691	-13.207676	-12.157935	0.604107
29.900000	9.194499	-12.890852	9.184424	-12.931612	-12.042668	2.760633
30.000000	8.125932	-12.791919	8.046091	-12.715702	-11.383330	2.159106
30.100000	6.881039	-12.341514	6.945765	-12.307351	-11.003258	4.083508
30.200000	5.821477	-11.936606	5.857520	-11.864823	-10.882452	4.425281
30.300000	4.943094	-11.187335	4.885056	-11.194549	-9.724645	6.702740
30.400000	4.083319	-10.407938	3.968114	-10.435562	-9.169419	7.589865
30.500000	3.109983	-9.590943	3.032530	-9.672426	-9.355832	7.631362
30.600000	2.371156	-8.687261	2.234021	-8.728344	-7.985093	9.440824
30.700000	1.528592	-7.741156	1.611285	-7.715806	-6.227358	10.125379
30.800000	1.079352	-6.785168	1.089770	-6.660602	-5.215151	10.552040
30.900000	0.710811	-5.418315	0.673887	-5.563871	-4.158829	10.967312
31.000000	0.456403	-4.488709	0.400973	-4.421152	-2.729142	11.427191
31.100000	0.135047	-3.458845	0.117021	-3.204774	-2.839524	12.163779
31.200000	-0.025710	-1.944159	0.104255	-2.041777	-0.127658	11.629963
31.300000	0.132426	-0.856619	0.078522	-0.807107	-0.257326	12.346699
31.400000	0.524079	0.223641	0.356057	0.341816	2.775350	11.489233
31.500000	0.748963	1.473397	0.607575	1.503785	2.515176	11.619686
31.600000	1.108853	2.611032	1.098216	2.606903	4.906407	11.031185
31.700000	1.425491	3.602305	1.465992	3.759058	3.677761	11.521553
31.800000	2.040128	4.903047	1.968269	4.817081	5.022770	10.580227
31.900000	2.353587	5.881512	2.412243	5.886963	4.439738	10.698822
32.000000	3.010446	6.952144	3.105358	6.880814	6.931155	9.938508
32.100000	3.878277	7.826789	3.972036	7.752417	8.666784	8.716029
32.200000	5.130749	8.269333	5.075819	8.307217	11.037822	5.548004
32.300000	6.118378	8.930010	6.091605	8.996381	10.157860	6.891637
32.400000	7.288528	9.535650	7.174932	9.508205	10.833271	5.118237
32.500000	8.352697	9.857054	8.305348	9.852057	11.304159	3.438521
32.600000	9.609729	9.979912	9.488778	10.154454	11.834306	3.023976
32.700000	10.557233	10.250259	10.655190	10.178702	11.664116	0.242473
32.800000	11.772682	10.308989	11.813748	10.300846	11.585583	1.221442
32.900000	12.976503	10.128343	12.983522	10.020668	11.697740	-2.801776
33.000000	14.303200	9.558331	14.203974	9.787422	12.204520	-2.332464
33.100000	15.476710	9.754325	15.444289	9.771150	12.403148	-0.162722
33.200000	16.698567	9.316598	16.542100	9.316394	10.978108	-4.547560
33.300000	17.564318	8.754646	17.658405	8.764589	11.163053	-5.518045
33.400000	18.794939	8.270690	18.708727	8.172741	10.503219	-5.918478
33.500000	19.672093	7.631809	19.668799	7.478222	9.600723	-6.945192
33.600000	20.621855	7.016769	20.671206	6.901087	10.024068	-5.771347
33.700000	21.448815	5.966322	21.380150	5.903534	7.089442	-9.975533
33.800000	22.125543	5.068342	22.072002	4.927483	6.918521	-9.760515
33.900000	22.826382	3.953326	22.826644	3.965066	7.546415	-9.624169
34.000000	23.310336	2.882713	23.428897	2.898117	6.022533	-10.669484
34.100000	24.041051	1.682786	23.914324	1.749805	4.854269	-11.483120
34.200000	24.244836	0.318459	24.178124	0.581704	2.638001	-11.681013
34.300000	24.426041	-0.524139	24.254525	-0.581213	0.764013	-11.629168
34.400000	24.367336	-1.865271	24.300923	-1.758303	0.463981	-11.770901
34.500000	24.401011	-2.905644	24.388175	-2.942095	0.872519	-11.837924
34.600000	24.386766	-3.995112	24.305024	-4.116571	-0.831511	-11.744761
34.700000	24.272987	-5.391174	24.083274	-5.346221	-2.217501	-12.296499
34.800000	23.651119	-6.496573	23.728211	-6.458293	-3.550630	-11.120720
34.900000	22.976604	-7.684334	23.078360	-7.487825	-6.498514	-10.295319
35.000000	22.474518	-8.487491	22.445602	-8.529069	-6.327577	-10.412442
35.100000	21.890497	-9.506114	21.952770	-9.600476	-4.928320	-10.714064
35.200000	21.150731	-10.640241	21.208387	-10.524210	-7.443833	-9.237343
35.300000	20.437072	-11.570122	20.285227	-11.214269	-9.231599	-6.900591
35.400000	19.122350	-11.966905	19.278199	-11.853435	-10.070275	-6.391662
35.500000	18.338549	-12.685353	18.290295	-12.553299	-9.879046	-6.998637
35.600000	17.356525	-13.115941	17.169850	-13.097384	-11.204445	-5.440855
35.700000	16.095033	-13.419029	16.072739	-13.506548	-10.971110	-4.091633
35.800000	15.020418	-13.781372	14.947043	-13.903127	-11.256960	-3.965790
35.900000	13.700448	-14.038460	13.742434	-14.175032	-12.046095	-2.719059
36.000000	12.585388	-14.306883	12.522949	-14.309439	-12.194845	-1.344063
36.100000	11.445998	-14.363796	11.294590	-14.324607	-12.283590	-0.151679
36.200000	10.242597	-13.974378	10.133006	-13.936722	-11.615846	3.878851
36.300000	9.084840	-13.698064	9.013308	-13.652443	-11.196980	2.842781
36.400000	7.844282	-13.299761	7.874132	-13.402628	-11.391753	2.498154
36.500000	6.789586	-12.949281	6.703375	-12.988671	-11.707572	4.139568
36.600000	5.662739	-12.435094	5.587145	-12.433884	-11.162296	5.547875
36.700000	4.599414	-11.565681	4.689011	-11.590606	-8.981348	8.432780
36.800000	4.126950	-10.758652	3.871987	-10.662133	-8.170234	9.284727
36.900000	3.033996	-9.944406	3.001599	-9.842748	-8.703885	8.193853
37.000000	2.187921	-8.800517	2.301631	-8.845442	-6.999677	9.973054
37.100000	1.615625	-7.774131	1.798871	-7.707378	-5.027600	11.380640
37.200000	1.386206	-6.573329	1.355523	-6.572649	-4.433477	11.347296
37.300000	0.769038	-5.597635	0.854756	-5.499125	-5.007672	10.735242
37.400000	0.664210	-4.444922	0.584343	-4.303917	-2.704132	11.952076
37.500000	0.776856	-3.010645	0.749582	-3.088253	1.652396	12.156637
37.600000	0.671743	-1.927924	0.704804	-1.867035	-0.447786	12.212184
37.700000	0.771150	-0.735844	0.929283	-0.711676	2.244789	11.553590
37.800000	1.343226	0.452442	1.197537	0.407020	2.682539	11.186956
37.900000	1.749107	1.333688	1.699744	1.457876	5.022072	10.508561
38.000000	2.087511	2.648924	2.236029	2.580609	5.362846	11.227329
38.100000	2.915688	3.693556	2.882897	3.534475	6.468688	9.538658
38.200000	3.287488	4.450851	3.417288	4.563464	5.343911	10.289899
38.300000	4.499939	5.342560	4.335325	5.410456	9.180363	8.469915
38.400000	4.970976	6.454830	5.044595	6.405803	7.092702	9.953471
38.500000	6.049054	7.192181	5.969019	7.171813	9.244237	7.660097
38.600000	7.181659	7.603027	7.093121	7.642346	11.241025	4.705333
38.700000	8.292992	7.969633	8.196684	7.978978	11.035627	3.366315
38.800000	9.281885	8.579938	9.310888	8.518582	11.142041	5.396044
38.900000	10.662724	8.560339	10.480892	8.726205	11.700044	2.076231
39.000000	11.693510	9.005916	11.637456	9.064023	11.565637	3.378183
39.100000	12.773160	9.096964	12.780184	9.234424	11.427284	1.704011
39.200000	13.935020	9.173643	13.964314	9.253748	11.841295	0.193240
39.300000	15.108280	9.088560	15.192676	9.088941	12.283625	-1.648069
39.400000	16.433272	8.480499	16.241944	8.564713	10.492677	-5.242284
39.500000	17.382889	8.375041	17.413743	8.322417	11.717988	-2.422964
39.600000	18.403655	7.619287	18.429964	7.648557	10.162207	-6.738595
39.700000	19.402498	7.046168	19.460259	7.096070	10.302955	-5.524876
39.800000	20.405449	6.432648	20.451531	6.438368	9.912718	-6.577017
39.900000	21.416014	5.518925	21.360220	5.718051	9.086889	-7.203165
40.000000	21.962664	4.617055	22.073930	4.699299	7.137105	-10.187520
40.100000	22.764618	3.735278	22.750098	3.764066	6.761676	-9.352332
40.200000	23.524216	2.864856	23.364425	2.771436	6.143271	-9.926298
40.300000	23.924742	1.679216	23.915565	1.725149	5.511395	-10.462879
40.400000	24.446507	0.603804	24.393054	0.587498	4.774893	-11.376501
40.500000	24.810642	-0.521016	24.834845	-0.504731	4.417914	-10.922291
40.600000	24.828500	-1.682567	24.960850	-1.683128	1.260046	-11.783969
40.700000	24.705598	-2.801975	24.878971	-2.885401	-0.818789	-12.022737
40.800000	24.716111	-4.008808	24.756472	-4.066602	-1.224987	-11.812012
40.900000	24.947930	-5.286210	24.848261	-5.223863	0.917885	-11.572606
41.000000	24.925805	-6.597658	24.779521	-6.448462	-0.687399	-12.245990
41.100000	24.337389	-7.435953	24.352752	-7.535581	-4.267684	-10.871187
41.200000	23.945313	-8.525509	23.740887	-8.622392	-6.118651	-10.868117
41.300000	23.092209	-9.678800	23.121129	-9.678700	-6.197584	-10.563076
41.400000	22.238582	-10.327341	22.129721	-10.424494	-9.914075	-7.457936
41.500000	21.482245	-11.447851	21.416009	-11.398586	-7.137127	-9.740927
41.600000	20.324427	-12.011468	20.506316	-12.170608	-9.096922	-7.720221
41.700000	19.563575	-13.169099	19.645485	-13.047170	-8.608314	-8.765611
41.800000	18.480515	-13.544722	18.485459	-13.400725	-11.600260	-3.535556
41.900000	17.415313	-13.915942	17.431033	-13.865138	-10.544260	-4.644133
42.000000	16.205854	-14.200949	16.261910	-14.260840	-11.691232	-3.957015
42.100000	14.923685	-14.366224	15.032693	-14.452522	-12.292165	-1.916822
42.200000	13.878323	-14.607114	13.811886	-14.527923	-12.208070	-0.754007
42.300000	12.661401	-14.492923	12.592999	-14.593132	-12.188873	-0.652089
42.400000	11.354270	-14.421736	11.389040	-14.413152	-12.039588	1.799795
42.500000	10.081964	-14.209715	10.215109	-14.089778	-11.739316	3.233743
42.600000	9.036915	-13.677431	9.092931	-13.827235	-11.221780	2.625430
42.700000	7.999450	-13.488297	8.034429	-13.376465	-10.585016	4.507703
42.800000	6.861467	-12.648728	7.017032	-12.744163	-10.173972	6.323019
42.900000	5.975158	-12.166157	5.953734	-12.205268	-10.632981	5.388953
43.000000	4.850727	-11.528858	5.025242	-11.503414	-9.284921	7.018532
43.100000	4.079665	-10.819044	4.152190	-10.749484	-8.730514	7.539302
43.200000	3.243395	-9.973855	3.262948	-9.998282	-8.892424	7.512018
43.300000	2.684512	-8.798586	2.652115	-8.957794	-6.108331	10.404885
43.400000	1.819015	-8.002566	2.034829	-7.967532	-6.172855	9.902622
43.500000	1.496030	-6.892577	1.631645	-6.860664	-4.031842	11.068677
43.600000	1.300178	-5.951071	1.286991	-5.729882	-3.446542	11.307821
43.700000	1.110734	-4.520009	1.077752	-4.575647	-2.092387	11.542349
43.800000	0.811716	-3.404145	0.999455	-3.330984	-0.782975	12.446630
43.900000	0.948103	-2.130636	1.085041	-2.100669	0.855856	12.303153
44.000000	1.146250	-1.019563	1.177036	-0.943846	0.919950	11.568232
44.100000	1.493220	0.147344	1.358614	0.274164	1.815780	12.180096
44.200000	1.593287	1.514662	1.597816	1.482261	2.392022	12.080974
44.300000	1.947534	2.664902	1.939467	2.637179	3.416509	11.549175
44.400000	2.545281	3.783648	2.481459	3.724015	5.419924	10.868365
44.500000	3.098095	4.641097	3.043949	4.759090	5.624903	10.350742
44.600000	3.875153	5.882829	3.846183	5.617977	8.022341	8.588877
44.700000	4.869841	6.432138	4.727812	6.427151	8.816281	8.091736
44.800000	5.441116	7.220455	5.524964	7.311074	7.971528	8.839233
44.900000	6.328554	8.127181	6.445411	8.147498	9.204471	8.364239
45.000000	7.415310	8.662331	7.540315	8.687464	10.949031	5.399657
45.100000	8.620230	9.179681	8.581581	9.179115	10.412662	4.916509
45.200000	9.898521	9.288474	9.796625	9.402460	12.150443	2.233453
45.300000	11.108857	9.190223	11.006786	9.398440	12.101612	-0.040197
45.400000	12.049085	9.323800	12.157670	9.260755	11.508836	-1.376852
45.500000	13.313617	9.260555	13.398613	9.375886	12.409427	1.151312
45.600000	14.633842	9.147788	14.580027	9.143000	11.814149	-2.328861
45.700000	15.552551	8.708459	15.743900	8.767382	11.638724	-3.756184
45.800000	16.736560	8.213428	16.814529	8.244381	10.706296	-5.230007
45.900000	17.537389	7.683716	17.800085	7.603797	9.855553	-6.405846
46.000000	18.695357	7.070741	18.829027	7.050537	10.289425	-5.532591
46.100000	19.894042	6.362275	19.825520	6.364555	9.964928	-6.859820
46.200000	20.644195	5.340811	20.559765	5.396470	7.342447	-9.680851
46.300000	21.555537	4.564043	21.417311	4.490077	8.575463	-9.063938
46.400000	22.054079	3.625292	22.140589	3.554902	7.232775	-9.351743
46.500000	22.561859	2.550551	22.603692	2.493713	4.631037	-10.611888
46.600000	22.888432	1.297470	23.074736	1.371468	4.710435	-11.222457
46.700000	23.773975	0.182402	23.519772	0.239959	4.450359	-11.315088
46.800000	24.019106	-0.815838	23.886921	-0.893563	3.671489	-11.335222
46.900000	24.042408	-2.056869	23.906101	-2.112428	0.191805	-12.188651
47.000000	23.648912	-3.232087	23.785939	-3.339612	-1.201622	-12.271832
47.100000	23.562393	-4.507532	23.622342	-4.503605	-1.635966	-11.639933
47.200000	23.271821	-5.733702	23.204444	-5.655138	-4.178980	-11.515333
47.300000	22.896026	-6.790016	22.782939	-6.799814	-4.215056	-11.446754
47.400000	22.214849	-7.827601	22.226541	-7.899597	-5.563982	-10.997834
47.500000	21.803974	-9.161648	21.725449	-9.033961	-5.010912	-11.343641
47.600000	20.989525	-10.019993	21.042903	-10.014780	-6.825462	-9.808187
47.700000	20.301631	-11.224296	20.325736	-10.986458	-7.171671	-9.716781
47.800000	19.567873	-11.963940	19.585710	-11.946621	-7.400260	-9.601634
47.900000	18.961715	-12.811561	18.736746	-12.806362	-8.489647	-8.597405
48.000000	17.705838	-13.581086	17.823769	-13.566576	-9.129769	-7.602148
48.100000	16.846493	-14.156952	16.846395	-14.283626	-9.773738	-7.170493
48.200000	15.710272	-14.772989	15.776050	-14.832684	-10.703449	-5.490583
48.300000	14.728524	-15.088713	14.661793	-15.178670	-11.142567	-3.459858
48.400000	13.578104	-15.497907	13.548065	-15.520548	-11.137286	-3.418785
48.500000	12.364812	-15.728587	12.357691	-15.645553	-11.903735	-1.250044
48.600000	11.141899	-15.660610	11.161438	-15.705818	-11.962534	-0.602654
48.700000	9.935908	-15.372904	9.957197	-15.417606	-12.042403	2.882122
48.800000	8.838302	-14.974159	8.811960	-15.247795	-11.452369	1.698105
48.900000	7.711770	-14.877404	7.628883	-14.940672	-11.830773	3.071231
49.000000	6.579318	-14.582367	6.538513	-14.529833	-10.903699	4.108394
49.100000	5.524458	-13.916923	5.449454	-13.981452	-10.890597	5.483804
49.200000	4.529012	-13.474392	4.424763	-13.447439	-10.246905	5.340133
49.300000	3.836015	-12.490189	3.657461	-12.536198	-7.673024	9.112415
49.400000	3.072857	-11.748972	2.994344	-11.526532	-6.631172	10.096660
49.500000	2.471338	-10.498919	2.244652	-10.578883	-7.496918	9.476492
49.600000	1.480225	-9.815189	1.487370	-9.698837	-7.572814	8.800452
49.700000	0.860476	-8.635926	0.879775	-8.625029	-6.075958	10.738078
49.800000	0.570065	-7.495432	0.633400	-7.491409	-2.463749	11.336209
49.900000	0.411862	-6.280402	0.353538	-6.287039	-2.798621	12.043695
