Time		GPS_X		GPS_Y		RTK_X		RTK_Y		RTK_Vx		RTK_Vy
0.000000	0.000000	0.000000	0.000000	0.000000	0.000000	0.000000
0.100000	0.029528	0.764448	0.158478	0.592833	1.584782	5.928334
0.200000	0.298051	0.995204	0.296524	1.170679	1.380457	5.778454
0.300000	0.460992	1.859750	0.531614	1.749161	2.350902	5.784820
0.400000	0.599354	2.266427	0.813426	2.292068	2.818122	5.429069
0.500000	1.088003	2.850016	1.141194	2.851706	3.277681	5.596381
0.600000	1.485664	3.460676	1.452786	3.340317	3.115916	4.886113
0.700000	1.740960	3.943332	1.811274	3.779655	3.584878	4.393381
0.800000	2.077987	4.163801	2.220440	4.251270	4.091665	4.716149
0.900000	2.674317	4.589015	2.685926	4.631116	4.654858	3.798457
1.000000	3.141005	4.901727	3.180990	4.867345	4.950636	2.362294
1.100000	3.937392	5.038337	3.732148	5.080308	5.511583	2.129624
1.200000	4.230237	5.376360	4.337040	5.268075	6.048918	1.877675
1.300000	4.980901	5.289432	4.926641	5.348780	5.896010	0.807051
1.400000	5.582217	5.437266	5.531628	5.408903	6.049872	0.601227
1.500000	6.035737	5.237753	6.097052	5.412132	5.654237	0.032292
1.600000	6.721970	5.329733	6.643363	5.324277	5.463117	-0.878554
1.700000	7.289370	5.089983	7.202807	5.173260	5.594439	-1.510166
1.800000	7.676826	4.978411	7.774023	5.009735	5.712155	-1.635250
1.900000	8.249218	4.652015	8.347764	4.755065	5.737410	-2.546699
2.000000	8.766411	4.491580	8.824828	4.418176	4.770642	-3.368893
2.100000	9.364440	3.925595	9.229649	4.025887	4.048207	-3.922893
2.200000	9.633615	3.611256	9.760247	3.725714	5.305982	-3.001725
2.300000	10.094066	3.194863	10.169525	3.284608	4.092778	-4.411059
2.400000	10.388957	2.763837	10.590841	2.891184	4.213168	-3.934242
2.500000	10.996946	2.120037	10.983012	2.409856	3.921706	-4.813278
2.600000	11.312946	1.897547	11.265736	1.824086	2.827243	-5.857699
2.700000	11.547139	1.246952	11.452375	1.259152	1.866388	-5.649342
2.800000	11.470226	0.783222	11.541065	0.656869	0.886905	-6.022828
2.900000	11.523014	-0.132217	11.575792	0.028704	0.347263	-6.281652
3.000000	11.547141	-0.548978	11.587114	-0.583294	0.113226	-6.119977
3.100000	11.428012	-1.186443	11.526881	-1.137535	-0.602329	-5.542412
3.200000	11.303986	-1.850557	11.412442	-1.752898	-1.144391	-6.153630
3.300000	11.333387	-2.291316	11.199478	-2.326176	-2.129646	-5.732778
3.400000	11.021812	-2.906767	10.974607	-2.861308	-2.248710	-5.351328
3.500000	10.775525	-3.505286	10.723860	-3.412524	-2.507462	-5.512156
3.600000	10.477259	-3.807888	10.402054	-3.860829	-3.218063	-4.483046
3.700000	9.860450	-4.448012	10.033877	-4.364222	-3.681775	-5.033930
3.800000	9.654221	-4.575561	9.624549	-4.743847	-4.093278	-3.796255
3.900000	9.043394	-5.150541	9.164529	-5.133046	-4.600203	-3.891991
4.000000	8.619322	-5.439735	8.624690	-5.464865	-5.398384	-3.318185
4.100000	8.136752	-5.714833	8.068320	-5.675267	-5.563702	-2.104021
4.200000	7.439104	-5.890125	7.535110	-5.811718	-5.332102	-1.364515
4.300000	6.799979	-6.003416	6.979034	-5.992024	-5.560753	-1.803063
4.400000	6.507557	-6.232835	6.410525	-6.245708	-5.685089	-2.536831
4.500000	5.709259	-6.166622	5.841901	-6.374337	-5.686248	-1.286295
4.600000	5.062290	-6.341890	5.218420	-6.435720	-6.234806	-0.613831
4.700000	4.766556	-6.234150	4.650435	-6.371156	-5.679850	0.645645
4.800000	3.840805	-5.961800	4.028519	-6.262941	-6.219161	1.082145
4.900000	3.365869	-6.320698	3.431992	-6.157505	-5.965267	1.054363
5.000000	2.833117	-5.895463	2.901730	-5.934705	-5.302619	2.228001
5.100000	2.497354	-5.739906	2.376059	-5.765992	-5.256711	1.687130
5.200000	1.767937	-5.484271	1.825725	-5.460165	-5.503339	3.058264
5.300000	1.277911	-4.983134	1.390910	-5.067145	-4.348157	3.930208
5.400000	0.961748	-4.681863	0.963023	-4.692245	-4.278862	3.748995
5.500000	0.672087	-4.346115	0.548990	-4.240681	-4.140337	4.515645
5.600000	0.065445	-3.749187	0.212133	-3.775457	-3.368571	4.652233
5.700000	-0.124650	-3.438252	-0.095765	-3.305184	-3.078971	4.702734
5.800000	-0.162514	-2.560380	-0.248947	-2.777206	-1.531822	5.279782
5.900000	-0.500752	-2.359808	-0.553999	-2.210557	-3.050525	5.666487
6.000000	-0.669079	-1.548785	-0.678648	-1.627251	-1.246490	5.833065
6.100000	-0.646360	-1.077648	-0.693421	-1.070018	-0.147729	5.572328
6.200000	-0.618226	-0.327451	-0.634038	-0.451908	0.593831	6.181096
6.300000	-0.444859	0.115159	-0.564633	0.145522	0.694047	5.974300
6.400000	-0.447723	0.489695	-0.460626	0.706180	1.040077	5.606578
6.500000	-0.480452	1.300271	-0.370211	1.300407	0.904152	5.942278
6.600000	-0.145955	1.913313	-0.119851	1.857617	2.503593	5.572099
6.700000	-0.017543	2.284884	0.225551	2.302866	3.454021	4.452485
6.800000	0.396946	2.983341	0.524715	2.771891	2.991638	4.690251
6.900000	0.912824	3.227354	0.872637	3.310826	3.479222	5.389345
7.000000	1.443319	3.569312	1.380469	3.679214	5.078322	3.683886
7.100000	1.878921	4.011662	1.819332	4.093549	4.388630	4.143346
7.200000	2.531550	4.309539	2.386183	4.362882	5.668510	2.693332
7.300000	2.944302	4.787520	2.853378	4.660851	4.671947	2.979689
7.400000	3.559860	4.775125	3.460268	4.763580	6.068902	1.027290
7.500000	4.197967	4.851181	4.071388	4.918621	6.111200	1.550411
7.600000	4.497831	5.021424	4.631712	5.029546	5.603242	1.109246
7.700000	5.145903	5.089636	5.199881	5.027044	5.681685	-0.025020
7.800000	5.790053	4.910812	5.839902	4.990953	6.400213	-0.360902
7.900000	6.352523	4.798617	6.407302	4.932883	5.674003	-0.580705
8.000000	7.180442	4.744822	6.991939	4.831637	5.846371	-1.012459
8.100000	7.482106	4.671352	7.514283	4.616128	5.223433	-2.155090
8.200000	8.197280	4.358678	8.111345	4.441714	5.970621	-1.744138
8.300000	8.485425	4.137353	8.643449	4.149071	5.321041	-2.926431
8.400000	9.072767	3.854544	9.092632	3.740389	4.491828	-4.086816
8.500000	9.582909	3.301123	9.582068	3.317910	4.894358	-4.224798
8.600000	10.018247	3.012962	10.038289	2.934683	4.562212	-3.832267
8.700000	10.365204	2.321084	10.324621	2.424087	2.863325	-5.105962
8.800000	10.648371	1.902881	10.590990	1.899538	2.663686	-5.245489
8.900000	10.868472	1.362154	10.858986	1.374951	2.679962	-5.245864
9.000000	11.054930	0.776045	11.032488	0.806069	1.735017	-5.688820
9.100000	11.177953	0.306744	11.229132	0.280401	1.966445	-5.256682
9.200000	11.119765	-0.234543	11.300510	-0.322472	0.713781	-6.028730
9.300000	11.259690	-0.775507	11.272136	-0.948323	-0.283739	-6.258512
9.400000	11.213013	-1.697307	11.373017	-1.558335	1.008807	-6.100119
9.500000	10.931458	-2.213771	11.192053	-2.157652	-1.809645	-5.993171
9.600000	11.220477	-2.723178	11.095008	-2.756595	-0.970448	-5.989432
9.700000	10.908546	-3.111544	10.917054	-3.293725	-1.779540	-5.371297
9.800000	10.680424	-3.787183	10.692097	-3.840161	-2.249571	-5.464357
9.900000	10.221049	-4.028874	10.355300	-4.290978	-3.367969	-4.508174
10.000000	9.803179	-4.897950	9.951280	-4.783890	-4.040200	-4.929120
10.100000	9.604333	-5.167865	9.530148	-5.173507	-4.211314	-3.896174
10.200000	9.056730	-5.547797	9.047481	-5.540534	-4.826674	-3.670270
10.300000	8.548884	-5.957318	8.575944	-5.831659	-4.715367	-2.911246
10.400000	7.960157	-6.225913	8.090552	-6.091267	-4.853917	-2.596083
10.500000	7.369873	-6.298079	7.513881	-6.223606	-5.766715	-1.323383
10.600000	6.973014	-6.392952	6.977936	-6.390343	-5.359446	-1.667374
10.700000	6.371475	-6.235097	6.427171	-6.519511	-5.507655	-1.291680
10.800000	5.787643	-6.776605	5.782201	-6.569234	-6.449694	-0.497228
10.900000	4.954693	-6.580926	5.133079	-6.568043	-6.491227	0.011909
11.000000	4.565358	-6.317562	4.522209	-6.518137	-6.108697	0.499059
11.100000	3.709936	-6.058902	3.927948	-6.330265	-5.942609	1.878721
11.200000	3.344729	-6.126251	3.325736	-6.201796	-6.022126	1.284690
11.300000	2.786180	-6.005227	2.789710	-6.011468	-5.360256	1.903277
11.400000	2.414122	-5.575784	2.324051	-5.710811	-4.656592	3.006577
11.500000	1.832108	-5.400311	1.798594	-5.336354	-5.254564	3.744568
11.600000	1.273760	-5.091075	1.276093	-5.026086	-5.225015	3.102673
11.700000	1.000363	-4.623888	0.802048	-4.581377	-4.740451	4.447092
11.800000	0.410774	-4.202641	0.423763	-4.165013	-3.782847	4.163640
11.900000	0.148264	-3.427901	0.183154	-3.598778	-2.406093	5.662356
12.000000	-0.080640	-3.155058	-0.071660	-3.005355	-2.548140	5.934231
12.100000	-0.413596	-2.353487	-0.328429	-2.430472	-2.567688	5.748823
12.200000	-0.410794	-1.733962	-0.463688	-1.814740	-1.352588	6.157326
12.300000	-0.506301	-1.266898	-0.499814	-1.208359	-0.361257	6.063808
12.400000	-0.596141	-0.647364	-0.618316	-0.579505	-1.185028	6.288542
12.500000	-0.548599	0.004412	-0.703424	-0.007234	-0.851078	5.722703
12.600000	-0.567026	0.635812	-0.608034	0.588857	0.953897	5.960917
12.700000	-0.565251	1.127866	-0.494072	1.155143	1.139629	5.662856
12.800000	-0.394678	1.821324	-0.312261	1.754080	1.818105	5.989375
12.900000	0.062533	2.212698	-0.067237	2.317047	2.450244	5.629667
13.000000	0.289270	2.866050	0.311732	2.779833	3.789688	4.627859
13.100000	0.765411	3.294431	0.646505	3.330025	3.347732	5.501917
13.200000	0.966751	3.612965	1.020277	3.807329	3.737713	4.773043
13.300000	1.376266	4.237839	1.404333	4.241796	3.840565	4.344667
13.400000	1.710240	4.576532	1.813423	4.625018	4.090903	3.832222
13.500000	2.464215	4.709424	2.389472	4.887667	5.760488	2.626491
13.600000	2.996445	5.150353	2.905413	5.142341	5.159408	2.546737
13.700000	3.439184	5.193004	3.424807	5.387053	5.193942	2.447128
13.800000	3.980421	5.445408	4.014145	5.503431	5.893374	1.163774
13.900000	4.637688	5.492414	4.579947	5.590755	5.658019	0.873243
14.000000	5.302366	5.670127	5.166734	5.672664	5.867879	0.819094
14.100000	5.805916	5.686967	5.762659	5.741361	5.959248	0.686962
14.200000	6.258947	5.832240	6.354305	5.675498	5.916462	-0.658624
14.300000	6.915808	5.511158	6.948179	5.441433	5.938731	-2.340652
14.400000	7.588800	5.187878	7.444225	5.113303	4.960469	-3.281302
14.500000	8.012031	4.997199	7.896067	4.762508	4.518420	-3.507949
14.600000	8.602365	4.298766	8.424404	4.452317	5.283364	-3.101912
14.700000	8.906565	4.218932	8.892798	4.021956	4.683946	-4.303613
14.800000	9.337171	3.639112	9.347588	3.632652	4.547896	-3.893033
14.900000	9.941721	3.325907	9.768654	3.159755	4.210655	-4.728970
15.000000	10.350245	2.621312	10.191907	2.746572	4.232532	-4.131833
15.100000	10.520571	2.079806	10.461230	2.216107	2.693237	-5.304645
15.200000	10.957378	1.670013	10.762568	1.663751	3.013375	-5.523560
15.300000	11.063799	1.190642	11.011866	1.073127	2.492986	-5.906242
15.400000	11.037004	0.592864	11.134819	0.457894	1.229529	-6.152336
15.500000	11.165697	-0.335081	11.202018	-0.157315	0.671984	-6.152088
15.600000	11.299165	-0.942992	11.184141	-0.744045	-0.178768	-5.867299
15.700000	11.293943	-1.243722	11.153380	-1.338040	-0.307606	-5.939946
15.800000	11.219420	-1.871422	11.091665	-1.915717	-0.617156	-5.776768
15.900000	10.908424	-2.341954	10.884169	-2.507322	-2.074958	-5.916055
16.000000	10.693796	-3.045007	10.651344	-3.114680	-2.328246	-6.073580
16.100000	10.162497	-3.614399	10.401350	-3.657766	-2.499941	-5.430863
16.200000	10.110563	-4.181233	10.108138	-4.154110	-2.932128	-4.963440
16.300000	9.689919	-4.614539	9.695335	-4.617113	-4.128026	-4.630026
16.400000	9.206483	-4.874826	9.260615	-5.002351	-4.347198	-3.852381
16.500000	8.913247	-5.504387	8.831554	-5.429492	-4.290612	-4.271411
16.600000	8.322591	-5.872735	8.320229	-5.818526	-5.113251	-3.890336
16.700000	7.746772	-6.060536	7.782478	-6.079854	-5.377509	-2.613281
16.800000	7.154503	-6.423169	7.224592	-6.335349	-5.578859	-2.554951
16.900000	6.743699	-6.240686	6.631455	-6.493222	-5.931371	-1.578731
17.000000	6.023981	-6.446562	5.981896	-6.491209	-6.495596	0.020130
17.100000	5.410487	-6.680337	5.435174	-6.622211	-5.467213	-1.310017
17.200000	4.857310	-6.403003	4.855319	-6.554280	-5.798554	0.679306
17.300000	4.057772	-6.407749	4.252569	-6.484081	-6.027497	0.701990
17.400000	3.503984	-6.428421	3.678292	-6.382118	-5.742772	1.019633
17.500000	3.048020	-6.193537	3.120856	-6.175815	-5.574360	2.063035
17.600000	2.583608	-5.915935	2.600480	-5.938505	-5.203757	2.373091
17.700000	2.073415	-5.833358	2.012643	-5.667584	-5.878371	2.709212
17.800000	1.475307	-5.169852	1.473970	-5.348515	-5.386736	3.190691
17.900000	0.972068	-5.109720	1.000398	-4.934101	-4.735713	4.144137
18.000000	0.713677	-4.215229	0.668638	-4.387080	-3.317601	5.470213
18.100000	0.450520	-3.842006	0.284016	-3.861138	-3.846224	5.259420
18.200000	-0.003530	-3.591339	-0.003947	-3.376541	-2.879626	4.845974
18.300000	-0.053882	-2.671527	-0.192974	-2.771446	-1.890271	6.050945
18.400000	-0.519560	-2.259955	-0.376377	-2.174727	-1.834031	5.967193
18.500000	-0.504131	-1.714078	-0.559269	-1.647089	-1.828915	5.276382
18.600000	-0.663092	-1.131746	-0.581865	-1.071850	-0.225960	5.752383
18.700000	-0.655185	-0.325531	-0.580190	-0.439705	0.016751	6.321451
18.800000	-0.619449	0.108827	-0.596004	0.169116	-0.158143	6.088217
18.900000	-0.767646	0.807425	-0.599343	0.815594	-0.033396	6.464772
19.000000	-0.491727	1.328787	-0.458630	1.393391	1.407137	5.777976
19.100000	-0.257887	1.867366	-0.276698	1.975921	1.819314	5.825297
19.200000	-0.051767	2.463348	0.098569	2.506074	3.752674	5.301529
19.300000	0.452335	3.059002	0.461355	3.003541	3.627860	4.974670
19.400000	0.917280	3.389581	0.860755	3.484578	3.993996	4.810367
19.500000	1.181119	3.894119	1.313485	3.944131	4.527301	4.595532
19.600000	1.710540	4.214008	1.794918	4.275744	4.814330	3.316133
19.700000	2.091391	4.678205	2.258053	4.615505	4.631352	3.397606
19.800000	2.644551	4.887346	2.754163	4.945165	4.961102	3.296605
19.900000	3.250609	5.110395	3.252834	5.179606	4.986712	2.344412
20.000000	3.495620	5.418394	3.805486	5.372735	5.526513	1.931289
20.100000	4.443029	5.702890	4.360887	5.508454	5.554009	1.357187
20.200000	4.850529	5.582320	4.974098	5.500512	6.132110	-0.079417
20.300000	5.727258	5.520498	5.527593	5.516156	5.534950	0.156440
20.400000	6.206324	5.466165	6.086815	5.502149	5.592227	-0.140070
20.500000	6.650764	5.462757	6.709730	5.421749	6.229144	-0.804004
20.600000	7.350460	5.413625	7.310099	5.298199	6.003690	-1.235495
20.700000	7.798514	4.871679	7.849136	5.014217	5.390372	-2.839823
20.800000	8.212321	4.628188	8.346418	4.599260	4.972818	-4.149575
20.900000	8.734147	4.275088	8.826744	4.327420	4.803264	-2.718394
21.000000	9.262927	4.077747	9.284291	3.932688	4.575470	-3.947318
21.100000	9.775077	3.507091	9.735787	3.520647	4.514965	-4.120411
21.200000	10.100656	3.053021	10.214831	3.124570	4.790440	-3.960768
21.300000	10.506752	2.783368	10.560900	2.639641	3.460689	-4.849298
21.400000	10.819762	2.260658	10.874359	2.091502	3.134584	-5.481382
21.500000	11.006888	1.665110	11.155803	1.614317	2.814442	-4.771853
21.600000	11.306746	0.947071	11.298959	1.052685	1.431563	-5.616323
21.700000	11.589885	0.564260	11.485743	0.471205	1.867836	-5.814794
21.800000	11.463148	0.034109	11.566543	-0.130651	0.808005	-6.018564
21.900000	11.501831	-0.712419	11.589336	-0.701153	0.227922	-5.705017
22.000000	11.538850	-1.330643	11.457746	-1.280392	-1.315900	-5.792398
22.100000	11.374950	-1.744364	11.280202	-1.888265	-1.775438	-6.078727
22.200000	11.112212	-2.349608	11.107555	-2.493310	-1.726464	-6.050453
22.300000	10.758353	-2.921864	10.837599	-3.059779	-2.699565	-5.664685
22.400000	10.478288	-3.533173	10.515613	-3.592640	-3.219856	-5.328609
22.500000	10.149541	-4.061431	10.175638	-4.102362	-3.399753	-5.097222
22.600000	9.788319	-4.595005	9.798018	-4.517105	-3.776201	-4.147428
22.700000	9.526136	-5.001770	9.371817	-4.924178	-4.262012	-4.070731
22.800000	9.117867	-5.190861	8.918804	-5.274623	-4.530127	-3.504450
22.900000	8.619516	-5.512577	8.430960	-5.575770	-4.878438	-3.011473
23.000000	7.941663	-5.782790	7.882501	-5.817459	-5.484595	-2.416891
23.100000	7.252725	-6.080617	7.361821	-6.065715	-5.206799	-2.482553
23.200000	6.701068	-6.182246	6.730944	-6.164304	-6.308769	-0.985889
23.300000	6.236220	-6.359916	6.106474	-6.162362	-6.244695	0.019413
23.400000	5.488939	-6.213733	5.470728	-6.205375	-6.357465	-0.430132
23.500000	4.821839	-6.242707	4.906309	-6.214363	-5.644191	-0.089872
23.600000	4.216034	-6.148507	4.276441	-6.134506	-6.298677	0.798570
23.700000	3.840441	-6.026346	3.685268	-6.005231	-5.911726	1.292748
23.800000	3.131492	-5.974364	3.120971	-5.817617	-5.642973	1.876139
23.900000	2.512892	-5.606901	2.597400	-5.542716	-5.235707	2.749008
24.000000	1.917782	-5.307373	2.067360	-5.189102	-5.300404	3.536144
24.100000	1.481462	-4.762897	1.525859	-4.899223	-5.415012	2.898790
24.200000	1.192078	-4.470151	1.088459	-4.464824	-4.373999	4.343987
24.300000	0.722543	-4.082277	0.658560	-4.049354	-4.298992	4.154704
24.400000	0.453228	-3.483166	0.352170	-3.540070	-3.063901	5.092841
24.500000	0.026072	-3.095051	0.002350	-3.001394	-3.498197	5.386753
24.600000	-0.240136	-2.594445	-0.288257	-2.436958	-2.906070	5.644368
24.700000	-0.423844	-1.973261	-0.507517	-1.908719	-2.192603	5.282389
24.800000	-0.558762	-1.109720	-0.608913	-1.271417	-1.013958	6.373021
24.900000	-0.597926	-0.699691	-0.720169	-0.707770	-1.112557	5.636465
25.000000	-0.770274	-0.264700	-0.746426	-0.101606	-0.262577	6.061638
25.100000	-0.732754	0.391049	-0.747330	0.470202	-0.009033	5.718084
25.200000	-0.565528	1.180625	-0.674410	1.030628	0.729200	5.604256
25.300000	-0.522473	1.608445	-0.464138	1.612081	2.102720	5.814533
25.400000	-0.040076	1.951720	-0.095501	2.035680	3.686369	4.235988
25.500000	0.318578	2.588581	0.167513	2.607168	2.630143	5.714880
25.600000	0.415928	3.059905	0.447895	3.163812	2.803814	5.566438
25.700000	0.846138	3.616636	0.845506	3.610689	3.976112	4.468776
25.800000	1.140031	3.950311	1.181850	4.089318	3.363442	4.786287
25.900000	1.464193	4.486940	1.660492	4.469234	4.786420	3.799160
26.000000	2.230838	4.817156	2.212414	4.733484	5.519214	2.642502
26.100000	2.704501	5.032458	2.705736	5.037766	4.933228	3.042819
26.200000	3.155339	5.414845	3.215989	5.374775	5.102527	3.370085
26.300000	3.782516	5.566198	3.783535	5.487550	5.675455	1.127756
26.400000	4.369684	5.824853	4.384553	5.658884	6.010180	1.713342
26.500000	5.064869	5.746321	4.992028	5.735885	6.074752	0.770011
26.600000	5.652903	5.664864	5.622505	5.764515	6.304776	0.286299
26.700000	6.150828	5.981303	6.226192	5.757407	6.036871	-0.071086
26.800000	6.574718	5.690768	6.777160	5.573669	5.509681	-1.837375
26.900000	7.309477	5.223217	7.302658	5.287422	5.254978	-2.862470
27.000000	7.775874	5.008603	7.899262	5.145142	5.966041	-1.422803
27.100000	8.524011	4.992892	8.466615	4.916651	5.673522	-2.284908
27.200000	9.047869	4.503215	9.034471	4.611775	5.678568	-3.048760
27.300000	9.450870	4.189631	9.451889	4.160890	4.174173	-4.508850
27.400000	9.842211	3.654917	9.817045	3.748318	3.651561	-4.125721
27.500000	10.260097	3.192093	10.147425	3.212722	3.303799	-5.355958
27.600000	10.415784	2.713302	10.477368	2.714528	3.299438	-4.981947
27.700000	10.753179	1.949037	10.714829	2.120106	2.374609	-5.944217
27.800000	10.890874	1.744324	10.970487	1.625165	2.556576	-4.949406
27.900000	11.298102	1.164130	11.204392	1.064191	2.339051	-5.609739
28.000000	11.579281	0.465774	11.450409	0.466718	2.460166	-5.974734
28.100000	11.314882	-0.085959	11.501141	-0.114458	0.507322	-5.811759
28.200000	11.409662	-0.890584	11.383733	-0.750302	-1.174080	-6.358444
28.300000	11.236187	-1.183864	11.347095	-1.323226	-0.366383	-5.729233
28.400000	11.125589	-1.923180	11.158492	-1.918219	-1.886031	-5.949932
28.500000	11.071641	-2.498920	11.028677	-2.517238	-1.298142	-5.990189
28.600000	10.912123	-3.120971	10.839042	-3.084400	-1.896351	-5.671623
28.700000	10.734385	-3.727119	10.599043	-3.595954	-2.399991	-5.115539
28.800000	10.270707	-4.095485	10.321299	-4.070939	-2.777437	-4.749851
28.900000	9.919803	-4.610824	9.913276	-4.519570	-4.080235	-4.486313
29.000000	9.322843	-4.895029	9.510750	-4.924303	-4.025264	-4.047330
29.100000	9.122618	-5.209194	9.012526	-5.300295	-4.982232	-3.759916
29.200000	8.483785	-5.630391	8.490336	-5.643199	-5.221907	-3.429041
29.300000	8.008480	-5.814863	8.022110	-6.011918	-4.682257	-3.687189
29.400000	7.537879	-6.340469	7.466992	-6.280303	-5.551176	-2.683853
29.500000	7.047031	-6.386254	6.934834	-6.451010	-5.321586	-1.707070
29.600000	6.328320	-6.192515	6.326219	-6.399650	-6.086152	0.513595
29.700000	5.873475	-6.718951	5.731693	-6.549775	-5.945256	-1.501246
29.800000	5.303421	-6.683246	5.115159	-6.519166	-6.165341	0.306089
29.900000	4.505743	-6.336644	4.495668	-6.377405	-6.194908	1.417613
30.000000	4.026752	-6.349071	3.946910	-6.272854	-5.487577	1.045514
30.100000	3.344343	-6.107499	3.409069	-6.073336	-5.378412	1.995180
30.200000	2.840643	-5.928461	2.876686	-5.856678	-5.323832	2.166577
30.300000	2.456642	-5.519170	2.398604	-5.526384	-4.780823	3.302941
30.400000	2.058987	-5.122454	1.943782	-5.150078	-4.548214	3.763057
30.500000	1.550899	-4.684332	1.473446	-4.765815	-4.703360	3.842628
30.600000	1.199525	-4.238776	1.062390	-4.279860	-4.110563	4.859556
30.700000	0.671918	-3.803360	0.754611	-3.778009	-3.077787	5.018501
30.800000	0.488540	-3.385254	0.498959	-3.260687	-2.556523	5.173221
30.900000	0.332530	-2.579498	0.295607	-2.725054	-2.033522	5.356334
31.000000	0.217506	-2.233478	0.162077	-2.165920	-1.335298	5.591336
31.100000	0.032686	-1.787872	0.014660	-1.533801	-1.474168	6.321193
31.200000	-0.122456	-0.873160	0.007509	-0.970778	-0.071514	5.630226
31.300000	0.048295	-0.385487	-0.005609	-0.335976	-0.131175	6.348026
31.400000	0.299741	0.111385	0.131719	0.229559	1.373277	5.655350
31.500000	0.397927	0.774669	0.256539	0.805057	1.248198	5.754981
31.600000	0.513607	1.364252	0.502970	1.360123	2.464314	5.550657
31.700000	0.648314	1.783773	0.688815	1.940526	1.858446	5.804028
31.800000	1.005668	2.542476	0.933809	2.456510	2.449940	5.159844
31.900000	1.089240	2.966728	1.147895	2.972180	2.140861	5.156695
32.000000	1.403202	3.544997	1.498114	3.473667	3.502192	5.014870
32.100000	1.848016	3.994134	1.941775	3.919762	4.436614	4.460954
32.200000	2.564245	4.167525	2.509315	4.205409	5.675392	2.856472
32.300000	3.055518	4.491111	3.028745	4.557482	5.194299	3.520721
32.400000	3.683200	4.840374	3.569604	4.812929	5.408595	2.554470
32.500000	4.173381	4.987028	4.126032	4.982031	5.564276	1.691027
32.600000	4.849318	4.960459	4.728367	5.135001	6.023355	1.529703
32.700000	5.196974	5.217328	5.294930	5.145771	5.665630	0.107692
32.800000	5.815785	5.212624	5.856851	5.204480	5.619211	0.587092
32.900000	6.435932	5.170990	6.442951	5.063315	5.860998	-1.411654
33.000000	7.173444	4.714384	7.074218	4.943476	6.312672	-1.198390
33.100000	7.746997	4.917584	7.714576	4.934408	6.403581	-0.090676
33.200000	8.415026	4.710668	8.258559	4.710464	5.439824	-2.239442
33.300000	8.743126	4.415045	8.837213	4.424988	5.786539	-2.854758
33.400000	9.451125	4.225821	9.364913	4.127872	5.277003	-2.971162
33.500000	9.842218	3.938714	9.838925	3.785127	4.740119	-3.427447
33.600000	10.272281	3.623529	10.321633	3.507848	4.827079	-2.772795
33.700000	10.751856	3.062289	10.683191	2.999501	3.615583	-5.083468
33.800000	11.081486	2.653720	11.027945	2.512860	3.447542	-4.866406
33.900000	11.412006	2.010788	11.412268	2.022528	3.843225	-4.903323
34.000000	11.600520	1.462397	11.719081	1.477801	3.068134	-5.447269
34.100000	12.097737	0.815171	11.971010	0.882190	2.519289	-5.956108
34.200000	12.170306	0.036320	12.103594	0.299565	1.325837	-5.826252
34.300000	12.311233	-0.207632	12.139718	-0.264705	0.361243	-5.642702
34.400000	12.228756	-0.949235	12.162344	-0.842266	0.226257	-5.775612
34.500000	12.217990	-1.391256	12.205154	-1.427707	0.428103	-5.854405
34.600000	12.245772	-1.882197	12.164029	-2.003657	-0.411247	-5.759497
34.700000	12.238705	-2.687825	12.048991	-2.642872	-1.150382	-6.392156
34.800000	11.798854	-3.221499	11.875946	-3.183219	-1.730455	-5.403468
34.900000	11.444278	-3.901679	11.546034	-3.705170	-3.299114	-5.219510
35.000000	11.253848	-4.192127	11.224933	-4.233705	-3.211015	-5.285354
35.100000	10.920259	-4.665513	10.982532	-4.759874	-2.424008	-5.261686
35.200000	10.557512	-5.332888	10.615167	-5.216857	-3.673646	-4.569829
35.300000	10.324428	-5.903538	10.172584	-5.547685	-4.425839	-3.308284
35.400000	9.516632	-5.979344	9.672481	-5.865874	-5.001022	-3.181883
35.500000	9.222407	-6.350927	9.174153	-6.218873	-4.983281	-3.529993
35.600000	8.780304	-6.519816	8.593629	-6.501260	-5.805243	-2.823869
35.700000	8.080844	-6.612860	8.058551	-6.700379	-5.350778	-1.991188
35.800000	7.572298	-6.776292	7.498924	-6.898046	-5.596270	-1.976672
35.900000	6.837480	-6.900721	6.879466	-7.037293	-6.194584	-1.392476
36.000000	6.318832	-7.103620	6.256393	-7.106175	-6.230731	-0.688820
36.100000	5.779401	-7.153540	5.627993	-7.114351	-6.283998	-0.081754
36.200000	5.144963	-6.954599	5.035371	-6.916942	-5.926218	1.974087
36.300000	4.568963	-6.825113	4.497430	-6.779492	-5.379407	1.374501
36.400000	3.914651	-6.554540	3.944501	-6.657408	-5.529290	1.220841
36.500000	3.425505	-6.404442	3.339295	-6.443833	-6.052067	2.135754
36.600000	2.835950	-6.157310	2.760356	-6.156100	-5.789387	2.877323
36.700000	2.210661	-5.697927	2.300257	-5.722852	-4.600986	4.332484
36.800000	2.134124	-5.341721	1.879161	-5.245202	-4.210960	4.776496
36.900000	1.477592	-4.939222	1.445195	-4.837564	-4.339665	4.076380
37.000000	0.976671	-4.286118	1.090381	-4.331043	-3.548137	5.065216
37.100000	0.646665	-3.808635	0.829911	-3.741883	-2.604704	5.891598
37.200000	0.636072	-3.166506	0.605389	-3.165826	-2.245215	5.760570
37.300000	0.272821	-2.734435	0.358539	-2.635925	-2.468501	5.299011
37.400000	0.300031	-2.167014	0.220164	-2.026008	-1.383750	6.099163
37.500000	0.332235	-1.327320	0.304961	-1.404928	0.847967	6.210807
37.600000	0.249478	-0.844182	0.282539	-0.783293	-0.224215	6.216351
37.700000	0.233951	-0.240990	0.392084	-0.216822	1.095444	5.664702
37.800000	0.666073	0.363846	0.520383	0.318424	1.282998	5.352465
37.900000	0.813195	0.703756	0.763832	0.827945	2.434487	5.095207
38.000000	0.892495	1.477823	1.041012	1.409508	2.771799	5.815631
38.100000	1.383097	2.026428	1.350306	1.867346	3.092943	4.578381
38.200000	1.478545	2.251154	1.608345	2.363767	2.580383	4.964215
38.300000	2.250157	2.735847	2.085543	2.803743	4.771984	4.399756
38.400000	2.372707	3.359694	2.446326	3.310668	3.607827	5.069246
38.500000	2.988584	3.714462	2.908549	3.694094	4.622228	3.834261
38.600000	3.568201	3.892491	3.479663	3.931810	5.711141	2.377161
38.700000	4.105702	4.083835	4.009393	4.093179	5.297306	1.613696
38.800000	4.554910	4.431955	4.583913	4.370599	5.745198	2.774198
38.900000	5.345044	4.307154	5.163212	4.473020	5.792993	1.024204
39.000000	5.799944	4.584341	5.743890	4.642448	5.806776	1.694282
39.100000	6.286146	4.586964	6.293170	4.724425	5.492798	0.819771
39.200000	6.848074	4.654554	6.877368	4.734660	5.841983	0.102352
39.300000	7.426700	4.649538	7.511097	4.649919	6.337287	-0.847408
39.400000	8.214933	4.309599	8.023606	4.393813	5.125086	-2.561058
39.500000	8.576919	4.325342	8.607773	4.272717	5.841676	-1.210960
39.600000	9.097999	3.901724	9.124308	3.930994	5.165353	-3.417233
39.700000	9.568306	3.612592	9.626067	3.662493	5.017583	-2.685008
39.800000	10.071114	3.330519	10.117196	3.336239	4.911295	-3.262539
39.900000	10.611358	2.789353	10.555564	2.988479	4.383676	-3.477607
40.000000	10.814013	2.379079	10.925280	2.461324	3.697159	-5.271548
40.100000	11.264890	1.983867	11.250370	2.012655	3.250898	-4.486693
40.200000	11.708482	1.623484	11.548691	1.530065	2.983216	-4.825901
40.300000	11.829371	0.968695	11.820193	1.014628	2.715016	-5.154371
40.400000	12.119224	0.446652	12.065770	0.430346	2.455778	-5.842812
40.500000	12.258507	-0.121893	12.282711	-0.105608	2.169400	-5.359541
40.600000	12.212479	-0.686855	12.344829	-0.687416	0.621183	-5.818078
40.700000	12.130285	-1.207645	12.303658	-1.291072	-0.411706	-6.036563
40.800000	12.202509	-1.817661	12.242870	-1.875455	-0.607878	-5.843831
40.900000	12.386053	-2.497007	12.286384	-2.434661	0.435135	-5.592058
41.000000	12.397806	-3.209413	12.251522	-3.060217	-0.348618	-6.255562
41.100000	12.029142	-3.489399	12.044506	-3.589027	-2.070164	-5.288096
41.200000	11.931312	-4.056060	11.726887	-4.152944	-3.176183	-5.639170
41.300000	11.381346	-4.691560	11.410267	-4.691460	-3.166207	-5.385166
41.400000	11.007273	-4.979506	10.898412	-5.076658	-5.118546	-3.851982
41.500000	10.605962	-5.616325	10.539726	-5.567061	-3.586862	-4.904026
41.600000	9.905764	-5.791891	10.087654	-5.951032	-4.520723	-3.839705
41.700000	9.565749	-6.521858	9.647659	-6.399929	-4.399945	-4.488974
41.800000	9.056664	-6.722690	9.061609	-6.578693	-5.860504	-1.787641
41.900000	8.540534	-6.852001	8.556255	-6.801197	-5.053541	-2.225043
42.000000	7.899336	-6.944447	7.955392	-7.004338	-6.008625	-2.031405
42.100000	7.209960	-7.017001	7.318968	-7.103299	-6.364241	-0.989616
42.200000	6.763433	-7.220532	6.696997	-7.141341	-6.219712	-0.380418
42.300000	6.145668	-7.074531	6.077266	-7.174740	-6.197311	-0.333983
42.400000	5.431961	-7.091926	5.466732	-7.083342	-6.105338	0.913973
42.500000	4.738027	-7.039548	4.871172	-6.919611	-5.955597	1.637308
42.600000	4.277125	-6.644275	4.333141	-6.794080	-5.380308	1.255318
42.700000	3.791962	-6.689583	3.826942	-6.577750	-5.061995	2.163297
42.800000	3.163893	-6.166223	3.319458	-6.261658	-5.074839	3.160924
42.900000	2.812671	-5.955096	2.791247	-5.994207	-5.282113	2.674507
43.000000	2.166667	-5.679885	2.341182	-5.654441	-4.500650	3.397654
43.100000	1.849743	-5.362191	1.922268	-5.292632	-4.189133	3.618095
43.200000	1.471272	-4.904843	1.490825	-4.929271	-4.314436	3.633613
43.300000	1.215614	-4.247314	1.183216	-4.406522	-3.076086	5.227483
43.400000	0.667393	-3.960544	0.883208	-3.925510	-3.000081	4.810128
43.500000	0.549519	-3.414408	0.685134	-3.382495	-1.980739	5.430150
43.600000	0.528100	-3.046986	0.514912	-2.825797	-1.702217	5.566973
43.700000	0.446387	-2.206174	0.413405	-2.261811	-1.015077	5.639858
43.800000	0.185005	-1.689128	0.372743	-1.615967	-0.406612	6.458446
43.900000	0.278952	-1.014116	0.415889	-0.984149	0.431459	6.318181
44.000000	0.429469	-0.501150	0.460255	-0.425432	0.443658	5.587166
44.100000	0.689340	0.072113	0.554733	0.198933	0.944779	6.243653
44.200000	0.673699	0.850694	0.678227	0.818293	1.234943	6.193600
44.300000	0.858399	1.425387	0.850332	1.397664	1.721046	5.793707
44.400000	1.189084	2.006845	1.125262	1.947213	2.749296	5.495494
44.500000	1.454679	2.337507	1.400533	2.455500	2.752716	5.082863
44.600000	1.822234	3.140710	1.793264	2.875859	3.927306	4.203595
44.700000	2.375402	3.283743	2.233372	3.278756	4.401085	4.028973
44.800000	2.545100	3.626263	2.628948	3.716882	3.955754	4.381257
44.900000	2.988571	4.129388	3.105429	4.149705	4.764809	4.328226
45.000000	3.537477	4.398612	3.662481	4.423745	5.570522	2.740401
45.100000	4.200099	4.659225	4.161450	4.658658	4.989693	2.349136
45.200000	4.888420	4.658768	4.786524	4.772755	6.250743	1.140965
45.300000	5.498762	4.562968	5.396691	4.771185	6.101662	-0.015702
45.400000	5.843119	4.766817	5.951704	4.703772	5.550130	-0.674123
45.500000	6.510242	4.647866	6.595238	4.763198	6.435342	0.594259
45.600000	7.241936	4.651853	7.188122	4.647065	5.928839	-1.161332
45.700000	7.589723	4.397043	7.781071	4.455965	5.929496	-1.910997
45.800000	8.234460	4.165045	8.312430	4.195998	5.313584	-2.599673
45.900000	8.531776	3.961637	8.794472	3.881718	4.820423	-3.142801
46.000000	9.161103	3.632456	9.294774	3.612252	5.003016	-2.694656
46.100000	9.865215	3.263691	9.796693	3.265972	5.019195	-3.462803
46.200000	10.252919	2.720381	10.168489	2.776041	3.717960	-4.899314
46.300000	10.751475	2.379053	10.613250	2.305087	4.447606	-4.709538
46.400000	10.882870	1.914856	10.969379	1.844467	3.561291	-4.606197
46.500000	11.151290	1.390304	11.193123	1.333467	2.237446	-5.110005
46.600000	11.245609	0.690448	11.431913	0.764446	2.387893	-5.690207
46.700000	11.911714	0.133813	11.657511	0.191370	2.255980	-5.730761
46.800000	11.971432	-0.293794	11.839247	-0.371519	1.817360	-5.628892
46.900000	11.985598	-0.934895	11.849292	-0.990454	0.100449	-6.189346
47.000000	11.650756	-1.512986	11.787783	-1.620511	-0.615087	-6.300570
47.100000	11.647479	-2.194234	11.707428	-2.190307	-0.803549	-5.697956
47.200000	11.561976	-2.856537	11.494599	-2.777972	-2.128286	-5.876658
47.300000	11.393084	-3.349654	11.279997	-3.359451	-2.146019	-5.814784
47.400000	10.982818	-3.851880	10.994509	-3.923877	-2.854880	-5.644258
47.500000	10.813703	-4.636790	10.735179	-4.509103	-2.593309	-5.852267
47.600000	10.342239	-5.002833	10.395617	-4.997620	-3.395614	-4.885165
47.700000	10.011107	-5.724724	10.035211	-5.486886	-3.604056	-4.892662
47.800000	9.642881	-5.988568	9.660718	-5.971249	-3.744931	-4.843633
47.900000	9.459053	-6.409999	9.234083	-6.404800	-4.266352	-4.335506
48.000000	8.664433	-6.795803	8.782363	-6.781293	-4.517200	-3.764934
48.100000	8.289292	-7.017343	8.289193	-7.144017	-4.931700	-3.627236
48.200000	7.686981	-7.359630	7.752759	-7.419325	-5.364343	-2.753077
48.300000	7.278349	-7.497763	7.211618	-7.587719	-5.411411	-1.683948
48.400000	6.701723	-7.731571	6.671683	-7.754212	-5.399345	-1.664924
48.500000	6.085087	-7.898988	6.077965	-7.815954	-5.937179	-0.617419
48.600000	5.461397	-7.800503	5.480936	-7.845711	-5.970295	-0.297574
48.700000	4.838942	-7.652386	4.860232	-7.697088	-6.207038	1.486230
48.800000	4.334745	-7.342339	4.308403	-7.615976	-5.518292	0.811123
48.900000	3.788945	-7.396413	3.706058	-7.459681	-6.023443	1.562946
49.000000	3.217940	-7.312981	3.177136	-7.260446	-5.289222	1.992348
49.100000	2.699026	-6.917282	2.624022	-6.981812	-5.531144	2.786348
49.200000	2.235573	-6.752210	2.131324	-6.725258	-4.926979	2.565538
49.300000	1.928784	-6.227185	1.750230	-6.273193	-3.810944	4.520646
49.400000	1.495158	-5.987374	1.416644	-5.764934	-3.335853	5.082593
49.500000	1.266525	-5.207381	1.039839	-5.287344	-3.768057	4.775897
49.600000	0.667064	-4.978193	0.674210	-4.861841	-3.656290	4.255033
49.700000	0.343180	-4.320910	0.362479	-4.310014	-3.117311	5.518269
49.800000	0.179580	-3.766862	0.242914	-3.762839	-1.195643	5.471748
49.900000	0.157390	-3.136213	0.099065	-3.142850	-1.438490	6.199891
